0.0 3.830461 6.521125 10.147039 13.430343 16.790965 19.672254 23.017994 25.181088 28.918725 28.452858 24.833041 23.251681 20.262332 16.404087 13.857487 10.173919 8.235557 5.383261 5.591597 6.043721 7.111916 8.932687 12.000276 10.746069 9.373883 12.778463 14.550105 13.798373 14.344399 17.565333 18.836282 18.248601 20.079568 22.718231 23.301978 23.975782 26.268252 24.441161 25.366138 24.758803 23.629797 19.975449 18.277445 14.882505 14.202652 11.745402 12.774406 11.355236 8.877109 11.531451 13.671529 17.162229 19.958256 23.526107 26.674835 
3.830461 0.0 3.764528 6.763366 10.253863 13.443522 16.366414 19.740292 22.009737 25.676379 25.091241 21.414176 19.663107 16.542578 12.669855 10.218085 6.602328 5.654899 4.568698 6.540264 8.712255 9.146556 9.610545 12.660094 11.355108 8.769111 11.88341 13.967428 12.602534 12.34538 15.880466 17.225302 15.99423 17.594067 20.588798 21.065935 21.256905 23.667011 21.744589 22.997935 22.393609 21.552026 18.058989 16.562864 13.557828 13.050651 11.516208 12.327314 9.883585 7.496082 9.161039 11.385331 14.522925 17.325061 20.747624 23.881983 
6.521125 3.764528 0.0 3.816636 6.964599 10.311469 13.234376 16.51071 18.78338 22.533101 22.293867 18.774481 17.040713 14.26984 10.522094 8.553031 5.528273 5.542935 6.321617 7.272327 9.769092 8.865815 7.80726 10.733623 10.082435 6.80755 9.038904 11.742082 10.729701 9.603356 12.959803 14.894771 13.742518 14.736498 17.832046 18.804473 18.82467 20.850951 18.603715 19.596284 18.764799 17.803833 14.309579 12.881841 10.08962 10.104352 9.368874 10.780356 8.195813 5.141604 5.830168 7.636676 10.843186 13.675519 17.138231 20.333382 
10.147039 6.763366 3.816636 0.0 3.782881 6.688667 9.789531 13.021448 15.512823 19.183419 18.945386 15.430977 13.389124 10.555885 6.87294 5.745866 4.272606 6.585643 8.992932 10.510465 13.392414 12.32121 10.52626 12.958731 12.492599 8.779283 9.884247 12.703109 11.299438 8.995079 12.286085 14.381215 12.531568 12.858418 16.340991 17.32626 16.642125 18.616172 16.136674 17.436542 16.493781 15.859824 12.732578 11.640431 9.760177 10.078724 10.708491 11.719872 8.481142 6.421745 4.696483 6.074448 8.288407 11.102492 14.250356 17.447601 
13.430343 10.253863 6.964599 3.782881 0.0 3.84938 6.280199 9.621524 11.852281 15.58611 15.533116 12.194973 10.445549 8.383043 5.509514 5.397258 6.074936 8.437024 11.514957 12.593778 15.631944 14.189266 11.709278 13.26004 13.041238 9.340985 9.080965 11.757955 10.437641 7.148501 9.851697 12.221256 10.222688 9.687124 13.280258 14.598987 13.580958 15.18921 12.480677 13.785006 12.886495 12.652167 9.937402 9.742326 9.095972 10.539362 12.209844 13.67134 10.749254 8.779115 5.72893 4.64929 5.433039 7.564749 10.727145 13.750919 
16.790965 13.443522 10.311469 6.688667 3.84938 0.0 3.831231 6.44099 9.422885 12.960307 13.271513 10.233955 7.695068 5.954778 4.566774 6.911836 8.938541 11.927024 15.129275 16.410452 19.391347 17.780384 15.059453 16.564945 16.695708 13.078925 12.265956 14.937313 13.726987 10.087883 12.013775 14.461523 12.155381 10.609272 14.232632 15.671294 13.784059 14.957799 11.854827 13.242213 11.86474 11.80142 9.89959 9.862602 10.322106 11.514011 14.01154 14.882974 11.899501 11.022869 7.405013 6.317529 4.706436 6.496758 8.490403 11.609561 
19.672254 16.366414 13.234376 9.789531 6.280199 3.831231 0.0 3.725195 5.808269 9.401272 9.600135 6.739791 4.997231 5.264539 6.014146 8.237749 11.038003 13.722362 17.241492 18.402912 21.57199 20.029 17.204733 17.97877 17.943061 14.551325 13.166526 15.146578 13.807753 10.037922 11.085578 13.13584 10.65671 8.314171 11.721561 13.130163 10.731374 11.559316 8.460366 10.302107 9.486993 10.579741 9.766038 11.074283 12.502634 14.441822 17.136942 18.378726 15.599233 14.425793 10.807429 8.698699 6.092795 5.324831 6.505914 8.711002 
23.017994 19.740292 16.51071 13.021448 9.621524 6.44099 3.725195 0.0 3.786281 6.839624 8.213417 6.733647 4.919475 6.902756 8.935056 11.746399 14.633252 17.414928 20.882473 21.927244 24.958754 23.140903 20.062188 20.724601 21.089396 17.842515 16.010998 18.040138 17.074449 13.258356 13.588598 15.76625 13.565956 10.578148 13.392019 15.091163 12.277846 12.15922 8.825123 10.129519 8.701436 9.93822 10.295461 11.803595 14.062926 15.922936 19.094273 20.107218 17.588264 16.941136 13.185825 11.018369 7.593211 6.034492 4.73459 6.416333 
25.181088 22.009737 18.78338 15.512823 11.852281 9.422885 5.808269 3.786281 0.0 3.830538 5.411146 5.152921 5.802986 8.978508 11.329748 13.512773 16.530715 18.898365 22.468266 23.327014 26.443573 24.724484 21.661978 21.705848 21.882533 18.946467 16.79744 18.126139 17.147907 13.572853 13.094073 14.715624 12.707353 9.311462 11.323422 12.958663 9.93335 9.07347 6.035883 7.665706 7.335373 9.935615 11.214913 13.682458 16.268432 18.679169 21.771537 23.20155 20.800163 19.706554 16.030863 13.324528 10.02192 7.159406 5.428601 4.617069 
28.918725 25.676379 22.533101 19.183419 15.58611 12.960307 9.401272 6.839624 3.830538 0.0 3.821176 6.234719 7.658084 11.403527 14.399283 16.733826 19.976961 22.405743 26.050635 27.00776 30.180186 28.513471 25.451591 25.356744 25.497962 22.649728 20.445322 21.515153 20.487897 17.082427 16.312922 17.514563 15.539819 12.18592 13.467912 14.721318 11.410474 9.970069 7.980711 9.444867 9.564443 12.484539 14.467217 17.052143 19.880658 22.240315 25.451845 26.760477 24.364149 23.453745 19.745626 17.10827 13.702509 10.777322 8.296544 5.977265 
28.452858 25.091241 22.293867 18.945386 15.533116 13.271513 9.600135 8.213417 5.411146 3.821176 0.0 3.838671 6.609376 10.319492 13.503728 15.453648 18.918235 21.296972 25.056641 26.363863 29.773875 28.566308 25.845074 25.777744 25.357765 22.433834 20.712779 21.397594 19.763959 16.652906 16.286282 16.745119 14.250703 11.506863 12.840122 13.091029 9.404139 8.938654 8.060824 10.772157 11.849822 15.023371 16.428403 18.991147 21.343229 23.670835 26.570785 27.880258 25.133602 24.000054 20.401853 17.978608 14.981209 12.308731 10.808516 9.049523 
24.833041 21.414176 18.774481 15.430977 12.194973 10.233955 6.739791 6.733647 5.152921 6.234719 3.838671 0.0 3.829351 7.000587 9.890512 11.642494 15.143651 17.59818 21.382867 22.891613 26.382491 25.370797 22.84985 23.058553 22.399191 19.280211 17.98396 18.814123 16.849262 13.706867 14.041642 14.538115 11.576556 9.28753 11.521254 11.570143 7.919497 8.806881 7.480726 10.740007 11.678444 14.451707 14.966916 17.179719 18.990047 21.159797 23.782136 25.053292 22.106909 20.840923 17.363661 15.210337 12.629427 10.536674 10.121111 9.659858 
23.251681 19.663107 17.040713 13.389124 10.445549 7.695068 4.997231 4.919475 5.802986 7.658084 6.609376 3.829351 0.0 3.839828 7.318042 10.078261 13.642499 16.66506 20.394675 22.1434 25.563811 24.43511 21.875105 22.683079 22.253377 18.809487 17.774281 19.309924 17.414453 13.960661 14.972124 16.138416 13.073298 10.944294 13.901987 14.331431 10.998226 12.062639 9.886289 12.591373 12.448411 14.354364 14.361382 15.813261 17.36917 18.977932 21.675861 22.473371 19.385574 18.634719 15.088398 13.530025 10.898888 9.808372 9.433524 10.198851 
20.262332 16.542578 14.26984 10.555885 8.383043 5.954778 5.264539 6.902756 8.978508 11.403527 10.319492 7.000587 3.839828 0.0 3.877728 7.090266 10.623202 14.001839 17.630048 19.75847 23.189574 22.310259 20.066579 21.402661 20.774339 17.110163 16.770271 18.609725 16.454844 13.156689 15.086592 16.3374 13.073737 11.797131 15.254155 15.492291 12.651088 14.45851 12.262482 14.902713 14.520263 15.755746 14.836047 15.528169 16.263311 17.334893 19.633448 20.116148 16.731842 16.115115 12.837089 12.123325 10.310365 10.529889 11.202173 12.959565 
16.404087 12.669855 10.522094 6.87294 5.509514 4.566774 6.014146 8.935056 11.329748 14.399283 13.503728 9.890512 7.318042 3.877728 0.0 3.798008 6.934992 10.482369 13.968639 16.188164 19.56535 18.816276 16.832465 18.519466 17.76 13.999663 14.24159 16.32116 14.12464 11.067956 13.73576 15.16141 12.073538 11.572636 15.283781 15.616877 13.550473 15.720443 13.449273 15.795279 15.285172 15.911108 14.096575 14.20296 14.070791 14.873798 16.655039 17.184663 13.672977 12.762957 9.845421 9.75249 9.112503 10.412018 12.246204 14.699431 
13.857487 10.218085 8.553031 5.745866 5.397258 6.911836 8.237749 11.746399 13.512773 16.733826 15.453648 11.642494 10.078261 7.090266 3.798008 0.0 3.734562 6.996559 10.638194 13.074667 16.648244 16.421089 14.967912 16.542296 15.152604 11.48517 12.489638 14.092892 11.426706 9.101483 12.369416 13.236672 10.178587 10.874379 14.443082 14.338719 13.055618 15.775369 14.046677 16.472165 16.502528 17.18269 14.937755 15.119103 14.345891 15.339894 16.391364 17.346221 13.903563 12.166457 9.991138 9.972836 10.481235 11.776507 14.382919 16.721752 
10.173919 6.602328 5.528273 4.272606 6.074936 8.938541 11.038003 14.633252 16.530715 19.976961 18.918235 15.143651 13.642499 10.623202 6.934992 3.734562 0.0 3.757014 7.070275 9.702251 13.193941 13.268445 12.372291 14.344012 12.728747 9.156858 11.144536 12.857856 10.354407 8.9009 12.617927 13.564399 11.188636 12.571593 15.919265 15.958164 15.460278 18.163119 16.451888 18.44019 18.333614 18.468841 15.633563 15.255398 13.585585 14.225082 14.433811 15.496262 12.229275 10.016739 8.937867 9.692011 11.472095 13.411432 16.539342 19.198959 
8.235557 5.654899 5.542935 6.585643 8.437024 11.927024 13.722362 17.414928 18.898365 22.405743 21.296972 17.59818 16.66506 14.001839 10.482369 6.996559 3.757014 0.0 3.808972 6.390909 10.078461 10.79611 10.686886 12.328911 10.01436 6.983268 9.932257 10.946135 8.376636 8.385522 12.116868 12.57678 10.938723 13.166565 15.978006 15.879035 16.267483 19.023316 17.711391 19.455813 19.68083 19.751639 16.712536 16.426414 14.352812 15.231604 14.717098 16.319385 13.596426 10.669924 10.556443 11.061196 13.478322 15.205912 18.688658 21.203292 
5.383261 4.568698 6.321617 8.992932 11.514957 15.129275 17.241492 20.882473 22.468266 26.050635 25.056641 21.382867 20.394675 17.630048 13.968639 10.638194 7.070275 3.808972 0.0 3.783108 7.017384 8.724913 9.909669 11.830541 9.289083 7.338608 11.058469 11.885385 9.972434 10.974719 14.444188 14.86329 13.9229 16.364597 18.855661 18.824751 19.658074 22.327814 21.064878 22.499567 22.613506 22.301971 18.988115 18.2722 15.596099 16.03429 14.601835 16.187111 13.995596 10.97928 12.103409 13.153993 16.142299 18.174471 21.799329 24.464368 
5.591597 6.540264 7.272327 10.510465 12.593778 16.410452 18.402912 21.927244 23.327014 27.00776 26.363863 22.891613 22.1434 19.75847 16.188164 13.074667 9.702251 6.390909 3.783108 0.0 3.777427 5.419116 7.222881 8.696045 6.08782 5.423149 9.251899 9.835944 8.999349 10.673112 13.555371 14.207541 14.237676 16.576278 18.617409 19.061029 20.411418 22.649878 21.339909 22.207288 22.255607 21.618737 18.191043 17.449108 14.597616 15.336896 13.536704 15.786197 14.376697 10.912522 12.459423 13.044408 16.346547 18.251517 22.037339 24.675955 
6.043721 8.712255 9.769092 13.392414 15.631944 19.391347 21.57199 24.958754 26.443573 30.180186 29.773875 26.382491 25.563811 23.189574 19.56535 16.648244 13.193941 10.078461 7.017384 3.777427 0.0 3.806949 7.254173 8.671329 6.820867 7.780554 11.111778 11.657472 11.792119 13.689204 16.097347 16.931298 17.500943 19.702038 21.486094 22.184343 23.769218 25.76595 24.374481 24.846991 24.685859 23.633898 20.084057 18.974266 15.783392 16.165606 13.649444 15.942668 15.361136 12.075711 14.402082 15.219911 18.76746 20.842879 24.638162 27.383223 
7.111916 9.146556 8.865815 12.32121 14.189266 17.780384 20.029 23.140903 24.724484 28.513471 28.566308 25.370797 24.43511 22.310259 18.816276 16.421089 13.268445 10.79611 8.724913 5.419116 3.806949 0.0 3.776403 5.744733 5.568447 6.473826 8.897593 10.289152 11.351074 12.552316 14.557867 16.177863 17.013504 18.556798 20.372463 21.704452 23.130144 24.658655 22.856361 22.861531 22.283675 20.803168 17.181467 15.814026 12.542855 13.032351 10.547236 13.340832 13.259958 9.851705 12.188147 12.752644 16.374312 18.542425 22.272732 25.140229 
8.932687 9.610545 7.80726 10.52626 11.709278 15.059453 17.204733 20.062188 21.661978 25.451591 25.845074 22.84985 21.875105 20.066579 16.832465 14.967912 12.372291 10.686886 9.909669 7.222881 7.254173 3.776403 0.0 3.802247 5.386449 5.130639 6.140865 8.615404 10.184708 10.408578 12.078987 14.425526 15.274533 16.136181 18.062392 19.894643 21.035455 22.177107 20.021295 19.733166 18.83922 17.138642 13.488703 12.082731 8.933952 9.978964 8.226137 11.57537 11.478267 7.901234 9.53827 9.4883 13.028207 15.155907 18.812971 21.730637 
12.000276 12.660094 10.733623 12.958731 13.26004 16.564945 17.97877 20.724601 21.705848 25.356744 25.777744 23.058553 22.683079 21.402661 18.519466 16.542296 14.344012 12.328911 11.830541 8.696045 8.671329 5.744733 3.802247 0.0 3.756994 5.480437 5.090568 6.261239 8.954783 9.885041 10.50631 12.603482 14.336103 15.238175 16.422843 18.425986 20.110788 20.916667 19.112956 18.468062 17.995354 16.537034 13.249654 12.717945 10.399591 12.427052 11.290997 14.906239 14.921672 11.339987 12.224057 11.059294 14.078352 15.331372 18.955462 21.385706 
10.746069 11.355108 10.082435 12.492599 13.041238 16.695708 17.943061 21.089396 21.882533 25.497962 25.357765 22.399191 22.253377 20.774339 17.76 15.152604 12.728747 10.01436 9.289083 6.08782 6.820867 5.568447 5.386449 3.756994 0.0 3.796401 5.449979 5.078576 6.612359 8.739269 10.045051 11.110324 12.629991 14.424395 15.601691 16.877549 18.823772 20.205679 18.912731 18.916692 19.063651 18.285318 15.108484 15.000455 12.760639 14.699088 13.497179 16.778954 16.104688 12.322625 13.134776 12.160914 15.148903 16.234651 20.004128 22.250771 
9.373883 8.769111 6.80755 8.779283 9.340985 13.078925 14.551325 17.842515 18.946467 22.649728 22.433834 19.280211 18.809487 17.110163 13.999663 11.48517 9.156858 6.983268 7.338608 5.423149 7.780554 6.473826 5.130639 5.480437 3.796401 0.0 3.870121 5.30634 5.358281 6.118416 8.548653 10.106449 10.585211 12.161898 14.136841 15.368914 16.657875 18.295055 16.663685 17.091221 17.037125 16.385641 13.077172 12.868388 10.656269 12.53103 11.852068 14.82468 13.458093 9.69058 9.927975 9.048084 12.054566 13.450086 17.271542 19.758954 
12.778463 11.88341 9.038904 9.884247 9.080965 12.265956 13.166526 16.010998 16.79744 20.445322 20.712779 17.98396 17.774281 16.770271 14.24159 12.489638 11.144536 9.932257 11.058469 9.251899 11.111778 8.897593 6.140865 5.090568 5.449979 3.870121 0.0 3.829217 5.628069 5.050797 5.946512 8.631041 9.771039 10.296927 11.953099 14.034649 15.281049 16.168659 14.232217 14.004276 13.761045 12.946183 9.790759 10.153743 8.768242 11.609169 11.8421 15.179235 14.135627 10.584311 9.904619 7.687117 10.099837 10.852563 14.588901 16.888334 
14.550105 13.967428 11.742082 12.703109 11.757955 14.937313 15.146578 18.040138 18.126139 21.515153 21.397594 18.814123 19.309924 18.609725 16.32116 14.092892 12.857856 10.946135 11.885385 9.835944 11.657472 10.289152 8.615404 6.261239 5.078576 5.30634 3.829217 0.0 3.742228 5.504673 5.343266 6.437128 8.68157 10.070491 10.712096 12.357879 14.479853 15.451617 14.38315 14.282177 14.970346 14.871848 12.332892 13.45478 12.493082 15.422405 15.462462 18.840821 17.7643 14.110521 13.527152 11.243624 13.180926 13.11591 16.682528 18.323635 
13.798373 12.602534 10.729701 11.299438 10.437641 13.726987 13.807753 17.074449 17.147907 20.487897 19.763959 16.849262 17.414453 16.454844 14.12464 11.426706 10.354407 8.376636 9.972434 8.999349 11.792119 11.351074 10.184708 8.954783 6.612359 5.358281 5.628069 3.742228 0.0 3.876785 5.508789 5.212585 6.136377 8.635566 9.846756 10.482657 12.433845 14.254636 13.549879 14.432529 15.533306 16.062542 13.627995 14.835353 13.873539 16.510953 16.636398 19.59107 17.829849 14.25314 13.393548 11.443983 13.186066 13.138837 16.700261 18.2787 
14.344399 12.34538 9.603356 8.995079 7.148501 10.087883 10.037922 13.258356 13.572853 17.082427 16.652906 13.706867 13.960661 13.156689 11.067956 9.101483 8.9009 8.385522 10.974719 10.673112 13.689204 12.552316 10.408578 9.885041 8.739269 6.118416 5.050797 5.504673 3.876785 0.0 3.78641 5.497768 5.03562 6.058453 8.433872 9.790993 10.658532 12.241634 10.715517 11.690895 12.338833 12.874384 10.468389 11.831357 11.401544 14.200296 15.101784 17.837009 15.807391 12.579476 10.82486 8.361953 9.524646 9.381385 12.96064 14.771491 
17.565333 15.880466 12.959803 12.286085 9.851697 12.013775 11.085578 13.588598 13.094073 16.312922 16.286282 14.041642 14.972124 15.086592 13.73576 12.369416 12.617927 12.116868 14.444188 13.555371 16.097347 14.557867 12.078987 10.50631 10.045051 8.548653 5.946512 5.343266 5.508789 3.78641 0.0 3.871911 5.42008 5.102993 6.021742 8.512624 9.917831 10.418845 9.048547 9.142898 10.246444 11.092351 9.412185 11.726303 12.187931 15.573452 16.834294 19.884794 18.296392 15.141537 13.207775 10.015982 10.402139 9.064056 12.248196 13.367318 
18.836282 17.225302 14.894771 14.381215 12.221256 14.461523 13.13584 15.76625 14.715624 17.514563 16.745119 14.538115 16.138416 16.3374 15.16141 13.236672 13.564399 12.57678 14.86329 14.207541 16.931298 16.177863 14.425526 12.603482 11.110324 10.106449 8.631041 6.437128 5.212585 5.497768 3.871911 0.0 3.760951 5.475113 5.009422 5.953135 8.556544 9.725163 9.819987 10.708046 12.841019 14.417204 13.156271 15.565775 15.876746 19.102118 20.06398 23.061079 21.242547 17.952818 16.215172 13.36568 13.752079 12.220981 15.088606 15.605461 
18.248601 15.99423 13.742518 12.531568 10.222688 12.155381 10.65671 13.565956 12.707353 15.539819 14.250703 11.576556 13.073298 13.073737 12.073538 10.178587 11.188636 10.938723 13.9229 14.237676 17.500943 17.013504 15.274533 14.336103 12.629991 10.585211 9.771039 8.68157 6.136377 5.03562 5.42008 3.760951 0.0 3.8218 5.387254 5.100769 6.344145 8.713404 8.665181 10.744829 12.77399 14.672779 13.400756 15.629456 15.950651 18.838816 20.019792 22.56482 20.212612 17.220275 15.108009 12.576385 12.612864 11.239644 13.981483 14.64122 
20.079568 17.594067 14.736498 12.858418 9.687124 10.609272 8.314171 10.578148 9.311462 12.18592 11.506863 9.28753 10.944294 11.797131 11.572636 10.874379 12.571593 13.166565 16.364597 16.576278 19.702038 18.556798 16.136181 15.238175 14.424395 12.161898 10.296927 10.070491 8.635566 6.058453 5.102993 5.475113 3.8218 0.0 3.746911 5.510061 5.215083 6.244255 5.052141 7.107304 9.10517 11.395167 10.783326 13.533239 14.708771 17.83275 19.681349 22.160509 19.917155 17.289884 14.581688 11.496744 10.517648 8.254257 10.518394 10.862739 
22.718231 20.588798 17.832046 16.340991 13.280258 14.232632 11.721561 13.392019 11.323422 13.467912 12.840122 11.521254 13.901987 15.254155 15.283781 14.443082 15.919265 15.978006 18.855661 18.617409 21.486094 20.372463 18.062392 16.422843 15.601691 14.136841 11.953099 10.712096 9.846756 8.433872 6.021742 5.009422 5.387254 3.746911 0.0 3.814773 5.289436 4.930132 5.563798 6.732571 9.809334 12.501296 12.549468 15.740826 17.161928 20.572946 22.338117 25.112576 23.157478 20.345302 17.835041 14.53599 13.579266 10.855943 12.620659 12.047476 
23.301978 21.065935 18.804473 17.32626 14.598987 15.671294 13.130163 15.091163 12.958663 14.721318 13.091029 11.570143 14.331431 15.492291 15.616877 14.338719 15.958164 15.879035 18.824751 19.061029 22.184343 21.704452 19.894643 18.425986 16.877549 15.368914 14.034649 12.357879 10.482657 9.790993 8.512624 5.953135 5.100769 5.510061 3.814773 0.0 3.800503 5.528349 7.69994 9.966126 13.158832 16.023702 15.899175 18.848609 19.914624 23.085284 24.606518 27.216375 24.921133 22.062957 19.673672 16.783994 16.022763 13.619696 15.349734 14.694356 
23.975782 21.256905 18.82467 16.642125 13.580958 13.784059 10.731374 12.277846 9.93335 11.410474 9.404139 7.919497 10.998226 12.651088 13.550473 13.055618 15.460278 16.267483 19.658074 20.411418 23.769218 23.130144 21.035455 20.110788 18.823772 16.657875 15.281049 14.479853 12.433845 10.658532 9.917831 8.556544 6.344145 5.215083 5.289436 3.800503 0.0 3.827757 5.708169 9.024845 11.967735 15.156793 15.373681 18.296637 19.704974 22.667287 24.602241 26.831398 24.262829 21.844616 19.009235 16.21646 14.783367 12.208555 13.315719 12.455116 
26.268252 23.667011 20.850951 18.616172 15.18921 14.957799 11.559316 12.15922 9.07347 9.970069 8.938654 8.806881 12.062639 14.45851 15.720443 15.775369 18.163119 19.023316 22.327814 22.649878 25.76595 24.658655 22.177107 20.916667 20.205679 18.295055 16.168659 15.451617 14.254636 12.241634 10.418845 9.725163 8.713404 6.244255 4.930132 5.528349 3.827757 0.0 3.834537 6.345921 9.798797 13.393414 14.466613 17.842211 19.876812 23.111529 25.383862 27.762698 25.519372 23.200353 20.184598 16.956584 15.03166 11.769825 12.140871 10.388974 
24.441161 21.744589 18.603715 16.136674 12.480677 11.854827 8.460366 8.825123 6.035883 7.980711 8.060824 7.480726 9.886289 12.262482 13.449273 14.046677 16.451888 17.711391 21.064878 21.339909 24.374481 22.856361 20.021295 19.112956 18.912731 16.663685 14.232217 14.38315 13.549879 10.715517 9.048547 9.819987 8.665181 5.052141 5.563798 7.69994 5.708169 3.834537 0.0 3.759368 6.407816 9.906082 10.988471 14.310357 16.589041 19.756781 22.299201 24.547692 22.401951 20.334213 17.118419 13.794069 11.496755 8.060086 8.341716 7.027268 
25.366138 22.997935 19.596284 17.436542 13.785006 13.242213 10.302107 10.129519 7.665706 9.444867 10.772157 10.740007 12.591373 14.902713 15.795279 16.472165 18.44019 19.455813 22.499567 22.207288 24.846991 22.861531 19.733166 18.468062 18.916692 17.091221 14.004276 14.282177 14.432529 11.690895 9.142898 10.708046 10.744829 7.107304 6.732571 9.966126 9.024845 6.345921 3.759368 0.0 3.782177 7.36828 9.245651 12.936016 15.68147 19.110546 21.790186 24.281188 22.657181 20.592073 17.488626 13.836507 11.500997 7.778295 7.729667 6.102556 
24.758803 22.393609 18.764799 16.493781 12.886495 11.86474 9.486993 8.701436 7.335373 9.564443 11.849822 11.678444 12.448411 14.520263 15.285172 16.502528 18.333614 19.68083 22.613506 22.255607 24.685859 22.283675 18.83922 17.995354 19.063651 17.037125 13.761045 14.970346 15.533306 12.338833 10.246444 12.841019 12.77399 9.10517 9.809334 13.158832 11.967735 9.798797 6.407816 3.782177 0.0 3.862649 6.4897 10.053389 13.290312 16.552032 19.580849 21.866572 20.499013 18.852117 15.641727 12.032435 9.277802 5.638993 4.882021 4.212174 
23.629797 21.552026 17.803833 15.859824 12.652167 11.80142 10.579741 9.93822 9.935615 12.484539 15.023371 14.451707 14.354364 15.755746 15.911108 17.18269 18.468841 19.751639 22.301971 21.618737 23.633898 20.803168 17.138642 16.537034 18.285318 16.385641 12.946183 14.871848 16.062542 12.874384 11.092351 14.417204 14.672779 11.395167 12.501296 16.023702 15.156793 13.393414 9.906082 7.36828 3.862649 0.0 3.784664 6.964688 10.55526 13.733323 16.889109 19.177661 18.332408 16.92029 13.952712 10.461816 8.003621 5.517654 5.352196 6.658724 
19.975449 18.058989 14.309579 12.732578 9.937402 9.89959 9.766038 10.295461 11.214913 14.467217 16.428403 14.966916 14.361382 14.836047 14.096575 14.937755 15.633563 16.712536 18.988115 18.191043 20.084057 17.181467 13.488703 13.249654 15.108484 13.077172 9.790759 12.332892 13.627995 10.468389 9.412185 13.156271 13.400756 10.783326 12.549468 15.899175 15.373681 14.466613 10.988471 9.245651 6.4897 3.784664 0.0 3.773724 6.943467 10.353011 13.293161 15.782992 14.957772 13.27839 10.537704 7.00259 5.462376 4.566482 6.652656 9.260945 
18.277445 16.562864 12.881841 11.640431 9.742326 9.862602 11.074283 11.803595 13.682458 17.052143 18.991147 17.179719 15.813261 15.528169 14.20296 15.119103 15.255398 16.426414 18.2722 17.449108 18.974266 15.814026 12.082731 12.717945 15.000455 12.868388 10.153743 13.45478 14.835353 11.831357 11.726303 15.565775 15.629456 13.533239 15.740826 18.848609 18.296637 17.842211 14.310357 12.936016 10.053389 6.964688 3.773724 0.0 3.828769 6.800167 10.008084 12.275644 11.855755 10.642388 8.261895 5.609374 5.238643 6.787564 8.86753 12.140296 
14.882505 13.557828 10.08962 9.760177 9.095972 10.322106 12.502634 14.062926 16.268432 19.880658 21.343229 18.990047 17.36917 16.263311 14.070791 14.345891 13.585585 14.352812 15.596099 14.597616 15.783392 12.542855 8.933952 10.399591 12.760639 10.656269 8.768242 12.493082 13.873539 11.401544 12.187931 15.876746 15.950651 14.708771 17.161928 19.914624 19.704974 19.876812 16.589041 15.68147 13.290312 10.55526 6.943467 3.828769 0.0 3.786373 6.352146 9.063379 8.872909 7.230497 5.847573 4.460369 6.549158 9.255309 12.019629 15.452589 
14.202652 13.050651 10.104352 10.078724 10.539362 11.514011 14.441822 15.922936 18.679169 22.240315 23.670835 21.159797 18.977932 17.334893 14.873798 15.339894 14.225082 15.231604 16.03429 15.336896 16.165606 13.032351 9.978964 12.427052 14.699088 12.53103 11.609169 15.422405 16.510953 14.200296 15.573452 19.102118 18.838816 17.83275 20.572946 23.085284 22.667287 23.111529 19.756781 19.110546 16.552032 13.733323 10.353011 6.800167 3.786373 0.0 3.800891 5.484147 5.909425 5.661034 5.44889 6.516488 8.732883 12.092719 14.504364 18.176066 
11.745402 11.516208 9.368874 10.708491 12.209844 14.01154 17.136942 19.094273 21.771537 25.451845 26.570785 23.782136 21.675861 19.633448 16.655039 16.391364 14.433811 14.717098 14.601835 13.536704 13.649444 10.547236 8.226137 11.290997 13.497179 11.852068 11.8421 15.462462 16.636398 15.101784 16.834294 20.06398 20.019792 19.681349 22.338117 24.606518 24.602241 25.383862 22.299201 21.790186 19.580849 16.889109 13.293161 10.008084 6.352146 3.800891 0.0 3.791868 5.458496 4.624905 6.830163 8.719554 11.75654 15.103317 17.898101 21.512167 
12.774406 12.327314 10.780356 11.719872 13.67134 14.882974 18.378726 20.107218 23.20155 26.760477 27.880258 25.053292 22.473371 20.116148 17.184663 17.346221 15.496262 16.319385 16.187111 15.786197 15.942668 13.340832 11.57537 14.906239 16.778954 14.82468 15.179235 18.840821 19.59107 17.837009 19.884794 23.061079 22.56482 22.160509 25.112576 27.216375 26.831398 27.762698 24.547692 24.281188 21.866572 19.177661 15.782992 12.275644 9.063379 5.484147 3.791868 0.0 3.810638 5.744493 7.954038 10.807088 13.389782 17.047502 19.455653 23.223534 
11.355236 9.883585 8.195813 8.481142 10.749254 11.899501 15.599233 17.588264 20.800163 24.364149 25.133602 22.106909 19.385574 16.731842 13.672977 13.903563 12.229275 13.596426 13.995596 14.376697 15.361136 13.259958 11.478267 14.921672 16.104688 13.458093 14.135627 17.7643 17.829849 15.807391 18.296392 21.242547 20.212612 19.917155 23.157478 24.921133 24.262829 25.519372 22.401951 22.657181 20.499013 18.332408 14.957772 11.855755 8.872909 5.909425 5.458496 3.810638 0.0 3.797758 5.357178 8.930884 11.42659 15.218731 17.707564 21.483615 
8.877109 7.496082 5.141604 6.421745 8.779115 11.022869 14.425793 16.941136 19.706554 23.453745 24.000054 20.840923 18.634719 16.115115 12.762957 12.166457 10.016739 10.669924 10.97928 10.912522 12.075711 9.851705 7.901234 11.339987 12.322625 9.69058 10.584311 14.110521 14.25314 12.579476 15.141537 17.952818 17.220275 17.289884 20.345302 22.062957 21.844616 23.200353 20.334213 20.592073 18.852117 16.92029 13.27839 10.642388 7.230497 5.661034 4.624905 5.744493 3.797758 0.0 3.766334 6.857169 10.186448 13.711859 16.790499 20.400063 
11.531451 9.161039 5.830168 4.696483 5.72893 7.405013 10.807429 13.185825 16.030863 19.745626 20.401853 17.363661 15.088398 12.837089 9.845421 9.991138 8.937867 10.556443 12.103409 12.459423 14.402082 12.188147 9.53827 12.224057 13.134776 9.927975 9.904619 13.527152 13.393548 10.82486 13.207775 16.215172 15.108009 14.581688 17.835041 19.673672 19.009235 20.184598 17.118419 17.488626 15.641727 13.952712 10.537704 8.261895 5.847573 5.44889 6.830163 7.954038 5.357178 3.766334 0.0 3.802376 6.62462 10.266579 13.202337 16.836617 
13.671529 11.385331 7.636676 6.074448 4.64929 6.317529 8.698699 11.018369 13.324528 17.10827 17.978608 15.210337 13.530025 12.123325 9.75249 9.972836 9.692011 11.061196 13.153993 13.044408 15.219911 12.752644 9.4883 11.059294 12.160914 9.048084 7.687117 11.243624 11.443983 8.361953 10.015982 13.36568 12.576385 11.496744 14.53599 16.783994 16.21646 16.956584 13.794069 13.836507 12.032435 10.461816 7.00259 5.609374 4.460369 6.516488 8.719554 10.807088 8.930884 6.857169 3.802376 0.0 3.74044 6.903627 10.221703 13.678125 
17.162229 14.522925 10.843186 8.288407 5.433039 4.706436 6.092795 7.593211 10.02192 13.702509 14.981209 12.629427 10.898888 10.310365 9.112503 10.481235 11.472095 13.478322 16.142299 16.346547 18.76746 16.374312 13.028207 14.078352 15.148903 12.054566 10.099837 13.180926 13.186066 9.524646 10.402139 13.752079 12.612864 10.517648 13.579266 16.022763 14.783367 15.03166 11.496755 11.500997 9.277802 8.003621 5.462376 5.238643 6.549158 8.732883 11.75654 13.389782 11.42659 10.186448 6.62462 3.74044 0.0 3.81535 6.620791 10.231537 
19.958256 17.325061 13.675519 11.102492 7.564749 6.496758 5.324831 6.034492 7.159406 10.777322 12.308731 10.536674 9.808372 10.529889 10.412018 11.776507 13.411432 15.205912 18.174471 18.251517 20.842879 18.542425 15.155907 15.331372 16.234651 13.450086 10.852563 13.11591 13.138837 9.381385 9.064056 12.220981 11.239644 8.254257 10.855943 13.619696 12.208555 11.769825 8.060086 7.778295 5.638993 5.517654 4.566482 6.787564 9.255309 12.092719 15.103317 17.047502 15.218731 13.711859 10.266579 6.903627 3.81535 0.0 3.82187 6.829853 
23.526107 20.747624 17.138231 14.250356 10.727145 8.490403 6.505914 4.73459 5.428601 8.296544 10.808516 10.121111 9.433524 11.202173 12.246204 14.382919 16.539342 18.688658 21.799329 22.037339 24.638162 22.272732 18.812971 18.955462 20.004128 17.271542 14.588901 16.682528 16.700261 12.96064 12.248196 15.088606 13.981483 10.518394 12.620659 15.349734 13.315719 12.140871 8.341716 7.729667 4.882021 5.352196 6.652656 8.86753 12.019629 14.504364 17.898101 19.455653 17.707564 16.790499 13.202337 10.221703 6.620791 3.82187 0.0 3.818286 
26.674835 23.881983 20.333382 17.447601 13.750919 11.609561 8.711002 6.416333 4.617069 5.977265 9.049523 9.659858 10.198851 12.959565 14.699431 16.721752 19.198959 21.203292 24.464368 24.675955 27.383223 25.140229 21.730637 21.385706 22.250771 19.758954 16.888334 18.323635 18.2787 14.771491 13.367318 15.605461 14.64122 10.862739 12.047476 14.694356 12.455116 10.388974 7.027268 6.102556 4.212174 6.658724 9.260945 12.140296 15.452589 18.176066 21.512167 23.223534 21.483615 20.400063 16.836617 13.678125 10.231537 6.829853 3.818286 0.0 

