0.0 3.776257 6.077496 9.513398 12.344218 14.126283 11.344158 10.621369 14.421515 15.034363 12.802922 14.559757 17.898024 17.702185 17.271581 20.425259 19.529553 21.564939 24.759986 24.021224 26.863431 27.668777 24.470986 23.554003 20.060893 20.13893 20.422263 17.234083 15.182054 17.29876 16.780399 12.998952 13.454392 15.779703 14.590351 11.096607 10.738698 8.077502 5.73179 5.508326 6.924494 9.722203 13.181825 16.587981 20.016569 22.866332 26.497049 27.661805 25.366344 22.945487 19.194885 16.663061 13.356416 10.047792 9.365585 13.18235 14.3716 16.588514 19.551486 20.862653 24.346569 24.575427 21.713821 20.205437 21.64326 20.520134 23.974107 24.522964 25.557113 29.282048 30.795949 27.653389 27.077496 24.547676 25.024433 21.98009 22.914305 19.674782 18.520756 16.282938 13.855639 13.273428 11.777284 8.747019 7.867083 5.263013 8.740268 9.853382 13.424086 14.476439 13.394378 15.25783 18.286593 18.660954 18.43219 21.173914 23.309141 22.834616 23.683697 26.739617 28.303012 30.586546 28.844356 26.378636 23.490087 25.588726 23.85424 21.028846 22.720046 20.587685 21.274975 24.895877 25.152077 23.165116 22.86271 25.949691 28.796063 26.927353 26.370829 23.018274 23.612196 22.817074 19.126001 19.371041 22.046794 21.726769 19.141315 20.284055 20.240635 
3.776257 0.0 3.788477 6.728521 9.461415 11.915174 9.935349 9.280563 12.885151 14.214273 12.791235 14.167338 17.397672 17.955285 17.837961 20.553431 19.104704 20.652349 23.742858 23.461011 26.216166 26.554118 23.115501 21.94287 18.441055 17.890593 18.374394 15.620467 12.991725 14.680912 14.677331 11.024719 10.579634 13.10728 12.697153 9.244569 7.788608 5.388026 4.260314 6.423515 8.190671 9.610303 13.417445 16.28805 19.972347 22.565504 26.128291 27.682986 25.766391 23.447139 19.686248 16.826825 14.043334 10.642906 8.956989 12.585611 14.037495 16.849255 19.902381 21.805379 24.996262 25.323287 22.72769 21.742345 23.522728 22.412687 25.966259 26.089111 26.764782 30.550121 31.95729 28.756647 28.304453 26.076239 26.299992 23.448242 24.878635 21.897208 20.89351 18.205125 16.312627 15.926463 13.692141 11.005434 10.932467 8.384882 11.266374 11.372206 15.145524 16.359349 14.512653 15.956924 19.388116 19.630864 18.664298 21.440412 23.837867 22.935889 23.304383 26.641642 28.283452 30.158371 28.055224 25.478983 22.282895 24.223436 22.944537 19.74762 21.06053 18.45904 19.180205 22.829102 22.72112 20.401715 20.234661 23.56206 26.183964 24.033348 23.441834 20.301932 20.974409 19.777873 16.187044 16.813042 19.266759 19.097078 16.950663 18.685731 19.029773 
6.077496 3.788477 0.0 3.750925 6.293169 8.255098 6.217279 5.750663 9.29964 10.563122 9.626378 11.143554 14.05515 14.829357 15.194048 17.734813 16.344735 17.49897 20.754575 20.832706 23.82209 23.896649 20.526712 18.962218 15.314253 14.965055 15.976789 13.320982 10.469886 12.764513 13.399679 9.925538 9.669464 12.938976 12.998046 10.240211 8.524662 5.18489 6.38489 8.013341 10.895334 12.073741 15.809936 18.495521 22.199663 24.389488 28.022871 29.417872 27.798863 25.166058 21.533187 18.291155 15.523263 11.849867 9.178904 12.3788 14.759753 17.333919 20.769538 22.985201 26.018475 25.845579 23.087269 22.532667 24.763297 24.191865 27.879243 28.213417 28.539677 32.245013 33.263284 29.84995 28.989455 26.635882 26.325284 23.309162 25.097814 22.427946 22.04474 19.527764 18.009412 16.921847 14.493111 12.589908 12.024726 8.966117 10.719699 10.34858 13.903308 15.826032 13.949039 14.492811 18.099683 18.889845 17.553988 19.842367 22.679528 22.021003 21.881175 25.126274 27.194032 28.909505 26.923752 23.993575 20.907616 23.259908 22.387851 19.285495 20.930119 18.198013 18.178227 21.946981 22.157772 19.542398 18.723287 21.937943 24.317619 22.060494 21.014388 17.750373 17.950114 16.980353 13.371638 13.453062 15.984856 15.746663 13.333871 14.978293 15.250519 
9.513398 6.728521 3.750925 0.0 3.816479 5.721599 5.041892 6.153382 8.622825 10.028334 10.482866 12.000168 14.157795 15.414823 16.513395 18.625011 17.105706 17.446086 20.690067 21.446305 24.488995 23.992027 20.58625 18.447127 14.784756 13.941202 15.712268 13.776694 10.351038 12.398034 14.065129 11.187833 10.004967 13.554679 14.588821 12.322677 9.72279 7.182742 9.433889 11.613893 14.390285 15.1202 18.864897 21.194416 24.953452 26.931306 30.460347 32.072432 30.711917 28.144172 24.572965 21.206568 18.754016 15.152003 12.102423 14.797953 17.426861 20.149904 23.620463 26.128833 28.954736 28.712754 26.069814 25.830668 28.238239 27.744759 31.453858 31.65745 31.817627 35.51504 36.42171 32.968312 32.072816 29.824088 29.254507 26.289898 28.327692 25.842805 25.640535 23.073367 21.712174 20.561232 18.02347 16.296725 15.710409 12.507714 13.889416 13.362517 16.63585 18.901732 16.906747 16.854512 20.543505 21.546257 19.768807 21.71904 24.846282 24.113513 23.436463 26.710014 29.012548 30.361028 28.229572 25.098088 21.934651 24.296816 23.988461 20.751447 22.142478 19.032377 18.710377 22.419538 22.380495 19.309399 18.309875 21.6348 23.503186 20.816782 19.298825 16.344199 16.043043 14.593866 11.318883 11.15632 13.062455 12.449752 10.454727 12.524624 13.564223 
12.344218 9.461415 6.293169 3.816479 0.0 3.816563 5.469946 5.466892 6.360231 8.869747 10.151544 10.612359 12.379504 14.497496 15.605345 16.993037 14.976303 14.793265 17.761969 18.907289 21.783199 20.897621 17.438579 15.113128 11.594351 10.314828 12.369682 11.002937 7.353144 9.278523 11.612801 9.499417 8.185761 11.871575 13.447681 12.13333 9.621452 7.52285 10.857018 13.012732 16.090584 16.132484 19.627807 21.488625 25.172135 26.651843 30.10371 31.685438 30.753138 28.069916 24.723608 21.12494 19.097204 15.664264 12.127927 13.93991 16.944688 19.587403 23.104666 25.998271 28.461379 27.993144 25.53666 25.855697 28.629489 28.469377 32.23474 32.322316 32.030628 35.624234 36.193995 32.654259 31.628696 29.584815 28.617367 25.84614 28.316628 26.242817 26.417706 23.731068 22.958527 21.699033 18.756092 17.681061 17.481898 14.633133 15.359583 13.941814 16.894716 19.142804 16.731862 16.083869 19.811674 20.778355 18.439477 20.1042 23.398483 22.482783 21.287724 24.583752 27.018401 27.990926 25.756419 22.499721 19.339452 21.739468 21.925204 18.734106 20.104197 16.90901 16.059071 19.678432 19.764471 16.52943 15.111358 18.325094 19.961717 17.231358 15.552804 12.583353 12.246037 10.903105 7.53236 7.56721 9.809645 10.039749 8.2939 11.060057 11.807461 
14.126283 11.915174 8.255098 5.721599 3.816563 0.0 3.780508 5.416706 4.924448 6.190498 8.598155 9.615148 10.357885 12.287922 14.216224 15.513267 14.10772 13.398645 16.661336 18.167143 21.380516 20.357599 17.275526 14.45577 10.854998 10.418844 13.210089 11.955428 8.84716 11.455383 13.956525 12.115221 11.523037 15.213728 16.591516 15.432096 13.275304 10.712675 13.761861 15.25964 18.629638 19.140289 22.618998 24.687447 28.321641 29.754487 33.27809 34.61487 33.661887 30.767528 27.477619 23.829943 21.557526 18.008382 14.474798 16.154029 19.510358 21.710377 25.395326 28.17775 30.675005 29.806856 27.111727 27.470267 30.350161 30.518007 34.298305 34.72391 34.421651 37.934219 38.306672 34.664786 33.28095 30.991085 29.729613 26.742245 29.201142 27.270596 27.825641 25.517937 24.699116 22.918238 20.278209 19.50107 18.669593 15.554821 15.572969 14.390969 16.769902 19.593752 17.686022 16.385618 19.896581 21.505863 19.293077 20.317354 23.870143 23.482392 22.04219 24.97829 27.799684 28.801924 26.929871 23.425469 20.658353 23.475019 23.809036 20.970231 22.728341 19.744974 18.330791 21.876988 22.375454 19.151565 17.135725 19.934838 21.256252 18.586777 16.294062 13.325166 11.93634 11.185584 8.344438 6.50234 8.501833 7.918361 5.124397 7.334349 8.214126 
11.344158 9.935349 6.217279 5.041892 5.469946 3.780508 0.0 3.836957 5.514373 5.330859 6.30883 8.566039 9.987291 10.832613 12.601623 14.757771 13.957303 14.109066 17.701211 18.540782 21.970545 21.571159 18.600908 16.202064 12.432448 12.792667 14.996375 12.840571 10.134655 13.264623 14.929155 12.334779 12.428589 16.141279 16.744644 14.985432 13.27398 9.989416 12.220173 13.081026 16.491029 17.684942 21.220291 23.754557 27.372393 29.134776 32.794011 33.92546 32.606604 29.638989 26.231986 22.731071 19.995331 16.293313 13.122366 15.386707 18.638563 20.62525 24.362863 26.756451 29.572305 28.691709 25.719573 25.633498 28.28525 28.400527 32.141853 32.848949 32.854263 36.387969 36.91387 33.291138 31.842097 29.272082 28.244631 25.011504 27.102906 24.90885 25.357906 23.319031 22.130455 20.162578 17.923015 16.954534 15.613211 12.279376 12.273283 11.711081 14.171817 17.162777 15.754717 14.788066 18.215147 20.017555 18.398558 19.57846 22.998492 22.954619 22.048648 24.872077 27.625594 29.107122 27.489128 24.069105 21.422004 24.383316 24.140314 21.425593 23.503506 20.786416 19.645098 23.350221 24.058277 21.129467 19.279617 22.064296 23.843025 21.464792 19.486906 16.223942 15.156505 14.737461 11.579478 9.929506 12.21992 11.362715 8.141964 8.974867 9.239016 
10.621369 9.280563 5.750663 6.153382 5.466892 5.416706 3.836957 0.0 3.805907 5.3524 4.98367 5.854488 8.400605 9.774721 10.489782 12.506836 11.131282 11.908739 15.336988 15.702015 18.957116 18.860693 15.742064 13.883728 10.137006 10.685177 12.128172 9.455721 7.137507 10.570336 11.611442 8.94997 9.872838 13.417974 13.574215 12.17848 11.185751 7.741924 10.21628 10.700723 14.36576 15.174932 18.452343 20.82217 24.328129 25.85837 29.525002 30.495267 29.319644 26.239512 22.964407 19.370624 16.783724 13.195087 9.826841 11.711939 15.129334 16.970088 20.734577 23.248887 25.93169 24.977688 22.082627 22.226075 25.059707 25.346487 29.119035 29.758213 29.511632 32.983858 33.358366 29.704057 28.235538 25.788381 24.677901 21.577045 23.884522 21.86631 22.44285 20.249793 19.501818 17.581997 14.95415 14.465075 13.661747 10.920179 10.622397 9.034313 11.630044 14.252054 12.368384 11.396062 14.997807 16.493797 14.683122 16.085999 19.430724 19.196661 18.380516 21.326627 23.942152 25.473904 23.824621 20.489847 17.818274 20.790552 20.379446 17.75865 20.037348 17.577639 16.376085 20.10119 21.090073 18.48424 16.597357 19.242932 21.423486 19.449397 17.969794 14.394917 14.045952 14.122268 10.560167 9.644992 12.824259 13.083621 10.010942 11.252222 10.444418 
14.421515 12.885151 9.29964 8.622825 6.360231 4.924448 5.514373 3.805907 0.0 3.799705 5.576922 5.01412 6.040556 8.609963 9.890486 10.838009 9.203478 8.916571 12.333121 13.4092 16.722123 16.096582 13.127979 10.712548 6.936578 7.853979 10.034429 8.126942 6.203732 9.741822 11.47044 9.940886 10.86808 14.286745 14.917905 14.393949 13.394932 10.50264 13.499106 14.038994 17.742925 18.136939 21.183548 23.174255 26.562947 27.652399 31.216803 32.10603 31.309448 28.125583 25.107218 21.384788 19.174989 15.838004 12.284162 13.184805 16.89288 18.457804 22.215224 24.992722 27.307955 26.010508 23.254524 23.935898 27.0754 27.740777 31.506528 32.138688 31.519513 34.839656 34.85007 31.12334 29.420142 27.103532 25.501407 22.550261 25.225231 23.689998 24.726787 22.617441 22.333448 20.223336 17.479107 17.575238 16.888898 14.391687 13.464837 11.407117 13.17098 15.926972 13.97347 12.055001 15.420337 17.179259 14.869005 15.533891 19.167527 19.017703 17.496124 20.239681 23.195209 24.323555 22.759836 19.177289 16.75694 19.948921 20.14604 17.786607 20.138036 17.725496 15.787151 19.293043 20.554594 17.844725 15.318968 17.564144 19.314456 17.3791 15.466607 11.922714 10.973311 11.69113 8.540333 6.787988 10.200665 10.950777 7.857491 9.107295 7.689834 
15.034363 14.214273 10.563122 10.028334 8.869747 6.190498 5.330859 5.3524 3.799705 0.0 3.80946 5.254378 4.993448 6.143347 8.602291 10.113527 9.879236 9.622274 13.374826 14.346132 18.003888 17.638524 15.238277 12.752673 9.249426 11.03993 13.32256 11.286134 9.914557 13.52295 15.021687 13.237173 14.387047 17.861287 18.17484 17.281117 16.376771 13.068735 15.481692 15.47358 19.213964 20.269435 23.36894 25.733864 29.094524 30.386568 34.039678 34.71497 33.678274 30.380788 27.327705 23.723027 21.118079 17.672558 14.464381 15.708597 19.39439 20.593374 24.405549 26.82525 29.345247 27.812947 24.756656 25.146549 28.151194 28.969486 32.681582 33.699821 33.302055 36.570054 36.568648 32.822566 30.858909 28.206316 26.565512 23.32248 25.686968 24.099064 25.323453 23.694582 23.097921 20.542029 18.373114 18.481715 17.026448 14.26489 12.782637 11.477886 12.624081 15.970845 14.887013 12.729452 15.674667 18.107513 16.397445 16.580601 20.241652 20.759074 19.42591 21.714359 24.881087 26.291943 25.174395 21.550352 19.547809 22.970275 22.9596 20.900372 23.517057 21.303199 19.329672 22.792183 24.245424 21.617977 18.999596 21.027871 22.675391 20.828678 18.650887 15.2363 13.703595 14.615579 11.860174 9.293955 12.049242 11.838284 8.135295 7.71072 5.719233 
12.802922 12.791235 9.626378 10.482866 10.151544 8.598155 6.30883 4.98367 5.576922 3.80946 0.0 3.793046 5.5583 5.216124 6.384953 9.099298 9.240328 10.43953 14.157164 14.099914 17.739447 18.157763 15.780617 14.099152 10.676253 12.764437 14.112757 11.212447 10.379452 14.149271 14.704423 12.391979 14.257676 17.522511 17.055251 15.873401 15.640552 12.014126 13.676847 12.860065 16.583476 18.013343 20.928553 23.55903 26.790941 28.250076 31.974536 32.409663 31.122105 27.753928 24.697492 21.25256 18.358023 14.954676 12.189139 13.668786 17.184964 18.059766 21.856416 23.932992 26.662778 25.117727 21.861435 21.922808 24.777297 25.624764 29.289689 30.51697 30.285006 33.527612 33.612326 29.895067 27.892035 25.048475 23.620251 20.208198 22.305473 20.542058 21.734392 20.313472 19.608629 16.884529 14.966683 15.217698 13.540578 11.040852 9.118583 7.860556 8.948151 12.380556 11.669046 9.825952 12.735856 15.227795 14.0982 14.583984 18.006941 18.751149 18.053658 20.29539 23.247247 25.136826 24.207275 20.789929 18.876523 22.310341 21.682618 19.79035 22.673979 20.813041 19.159638 22.694373 24.333731 22.091823 19.740262 21.75308 23.935028 22.431576 20.779469 17.117446 16.279133 17.260621 14.077147 12.230501 15.367875 15.355959 11.708252 11.373562 9.320178 
14.559757 14.167338 11.143554 12.000168 10.612359 9.615148 8.566039 5.854488 5.01412 5.254378 3.793046 0.0 3.805511 5.412576 5.156843 6.677763 5.708002 7.292341 10.808205 10.561145 14.098052 14.551883 12.107614 10.803842 7.627052 10.141373 10.917309 7.964542 8.150059 11.846639 12.092136 10.491261 12.905742 15.789392 15.248479 14.881418 15.119531 11.914356 14.005154 13.190732 16.950173 17.688417 20.229467 22.410732 25.465114 26.458912 30.086123 30.401294 29.488406 26.026826 23.248827 19.677976 17.248499 14.195598 11.230622 11.658904 15.394863 16.004741 19.771638 22.158454 24.506981 22.748585 19.707746 20.36402 23.567762 24.72163 28.393731 29.451933 28.766738 31.87694 31.642722 27.871622 25.777923 23.196893 21.401301 18.262826 20.860921 19.577824 21.092041 19.482011 19.490902 16.890811 14.468472 15.425609 14.525167 12.762504 10.709351 8.13551 8.811486 11.661133 10.237913 7.660852 10.687883 12.952248 11.177209 11.425638 15.037713 15.576014 14.500066 16.806131 19.840196 21.519449 20.561037 17.076219 15.280346 18.82447 18.397851 16.75019 19.795023 18.207802 16.163561 19.519229 21.494289 19.517556 16.910018 18.542495 20.823278 19.716299 18.352611 14.612358 14.189365 15.741487 12.644637 11.230369 14.793087 15.698165 12.397701 12.627613 10.025692 
17.898024 17.397672 14.05515 14.157795 12.379504 10.357885 9.987291 8.400605 6.040556 4.993448 5.5583 3.805511 0.0 3.813301 5.38382 5.393963 5.461683 5.326019 9.087515 9.697875 13.468412 13.444936 11.644303 9.716202 7.019294 10.239748 11.725509 9.751561 10.172492 13.675192 14.516493 13.567963 15.658303 18.576507 18.440119 18.364949 18.320474 15.240352 17.604195 16.951926 20.723599 21.455753 23.988084 26.053886 29.057705 29.852518 33.408523 33.644898 32.91819 29.40429 26.785484 23.208002 20.920713 17.965715 14.975193 15.106263 18.885172 19.293994 22.979602 25.393089 27.51887 25.460927 22.485004 23.39954 26.69062 28.113258 31.720929 32.896523 32.064567 35.028717 34.536811 30.751008 28.411183 25.838836 23.668872 20.608175 23.280566 22.367135 24.231344 22.887052 23.003072 20.189606 17.996823 19.114999 17.968294 16.070068 13.718415 11.530054 11.420878 14.480952 13.496876 10.380405 12.651134 15.359758 13.532035 12.772719 16.511009 17.438657 15.792328 17.558028 20.973666 22.338166 21.690587 18.031248 16.723572 20.43005 20.504501 19.178278 22.224707 20.671608 18.136895 21.220352 23.366874 21.285391 18.226905 19.43761 21.180794 20.108791 18.238953 14.757988 13.511175 15.591331 13.158998 10.877298 14.021688 14.819315 11.520218 10.984786 7.636735 
17.702185 17.955285 14.829357 15.414823 14.497496 12.287922 10.832613 9.774721 8.609963 6.143347 5.216124 5.412576 3.813301 0.0 3.784268 5.565882 7.613404 8.460039 11.92407 11.793041 15.575868 16.186232 14.818676 13.292672 10.791474 13.989953 15.276473 12.860663 13.247151 16.916737 17.382411 15.898693 18.199461 21.185992 20.608364 20.063538 20.217261 16.772529 18.490549 17.246786 20.92044 22.269195 24.771123 27.222745 30.156789 31.223657 34.864935 34.871416 33.815808 30.23434 27.577175 24.207507 21.514469 18.53622 16.03259 16.609844 20.194514 20.270489 23.927544 25.858976 28.25355 26.076713 22.797966 23.253113 26.285412 27.79623 31.297359 32.865578 32.331121 35.236882 34.82115 31.073729 28.553822 25.627475 23.600763 20.240339 22.427009 21.3768 23.340344 22.518342 22.301251 19.11513 17.591984 18.719783 16.918721 15.047574 12.159519 10.760996 9.895747 13.384232 13.420299 10.470286 12.152268 15.414173 14.50058 13.602197 17.065204 18.629428 17.574759 18.935961 22.291738 24.132293 23.892393 20.404698 19.369944 23.116848 22.714006 21.585855 24.831185 23.467252 21.187024 24.328363 26.547318 24.596771 21.706678 22.952269 24.869087 23.862771 22.034738 18.525489 17.249289 19.153903 16.582478 14.174694 17.12042 17.303014 13.694475 12.356404 9.077016 
17.271581 17.837961 15.194048 16.513395 15.605345 14.216224 12.601623 10.489782 9.890486 8.602291 6.384953 5.156843 5.38382 3.784268 0.0 3.834214 5.966831 8.431346 11.40162 10.096384 13.649312 15.043009 13.733225 13.171467 11.023453 14.318216 14.637782 11.770341 12.966815 16.471908 16.107197 14.69852 17.614124 20.157967 18.992787 18.683014 19.534914 16.230633 17.571066 15.786848 19.305014 20.514921 22.577647 24.928034 27.593579 28.507086 32.10089 31.831933 30.799618 27.140878 24.6997 21.469674 18.880155 16.282907 14.208458 14.315393 17.693482 17.256427 20.776236 22.53683 24.844325 22.514405 19.20667 19.744692 22.842173 24.590461 28.018232 29.659076 28.987973 31.762371 31.218838 27.482733 24.862751 21.928357 19.838384 16.489761 18.749512 17.904833 20.093421 19.396794 19.5657 16.337776 14.815011 16.536478 15.077326 13.99427 10.783566 8.719511 7.069435 10.142809 10.29424 7.09492 8.386064 11.739893 11.14799 10.194674 13.485556 15.254362 14.618618 15.864626 19.044948 21.211513 21.160718 17.897537 17.094073 20.811059 19.991408 19.221735 22.693988 21.805361 19.642274 22.645122 25.130593 23.648688 20.918214 21.939977 24.280073 23.724593 22.458707 18.815155 18.258345 20.331847 17.520456 15.798153 19.164672 19.865412 16.37805 15.621156 12.385618 
20.425259 20.553431 17.734813 18.625011 16.993037 15.513267 14.757771 12.506836 10.838009 10.113527 9.099298 6.677763 5.393963 5.565882 3.834214 0.0 3.81883 5.798019 8.076917 6.76362 10.375868 11.667229 10.984045 10.676178 9.502818 13.197399 13.332921 11.196193 13.150487 16.280912 16.028661 15.513427 18.448784 20.712351 19.794349 20.178706 21.077881 18.144144 19.952259 18.45407 21.982849 22.672638 24.513358 26.426434 28.933054 29.373494 32.806161 32.443163 31.840709 28.14643 26.028176 22.735682 20.654103 18.372366 16.109929 15.395336 18.840376 18.185397 21.535222 23.568679 25.375591 22.752639 19.778815 20.988343 24.355336 26.413808 29.772739 31.269765 30.159373 32.727213 31.787353 28.045666 25.266923 22.654724 20.047335 17.128953 19.841898 19.649102 22.171275 21.405344 22.132999 19.061806 17.249628 19.340728 18.355558 17.467546 14.39872 11.87363 10.191162 12.558312 12.224501 8.519457 9.224623 12.329717 11.084091 9.087635 12.541044 14.352222 12.944314 13.751923 17.27623 18.997717 19.170209 15.790071 15.515402 19.33615 19.03029 18.694502 22.194015 21.545534 18.867307 21.472012 24.268746 22.963205 19.871198 20.298749 22.357435 22.180746 20.921804 17.506451 16.891598 19.546868 17.232823 15.508348 18.78345 19.991126 16.845764 16.180186 12.58236 
19.529553 19.104704 16.344735 17.105706 14.976303 14.10772 13.957303 11.131282 9.203478 9.879236 9.240328 5.708002 5.461683 7.613404 5.966831 3.81883 0.0 3.800878 6.044874 4.887766 8.512411 9.381838 7.768208 7.662977 6.462004 9.9477 9.604096 7.551024 9.962785 12.766145 12.458231 12.430209 15.34346 17.363488 16.653235 17.479192 18.384763 15.86779 18.054235 17.007507 20.523116 20.629729 22.431438 23.982187 26.53595 26.762986 30.129123 30.009466 29.665387 26.062262 23.944726 20.475658 18.786265 16.579217 13.980982 12.781336 16.335813 16.022659 19.402745 21.911874 23.51982 21.140452 18.470054 20.048541 23.613894 25.460203 28.93001 29.994011 28.655563 31.335159 30.432101 26.66301 24.182909 21.94287 19.373157 16.761202 19.907639 19.66706 21.905334 20.538792 21.532166 18.92357 16.444358 18.452947 18.137305 17.284616 14.79742 11.640593 10.921466 12.782336 11.299448 7.721401 9.36111 11.528315 9.200722 7.799369 11.566135 12.40539 10.482427 12.11258 15.562603 16.903735 16.458862 12.877908 12.107171 15.928839 15.918049 15.315315 18.681255 17.92205 15.115847 17.732164 20.484836 19.180082 16.076383 16.52778 18.711013 18.568052 17.581453 14.109899 14.017819 16.674394 14.322722 13.219472 16.72435 18.502094 15.718751 15.913995 12.642479 
21.564939 20.652349 17.49897 17.446086 14.793265 13.398645 14.109066 11.908739 8.916571 9.622274 10.43953 7.292341 5.326019 8.460039 8.431346 5.798019 3.800878 0.0 3.798975 5.409105 8.857166 8.200955 6.760355 5.139398 4.47243 8.259407 8.953658 8.272609 10.162822 12.691475 13.383676 13.860635 16.088831 18.280508 18.324017 19.31841 19.620209 17.284539 20.010849 19.545271 23.170563 23.115492 25.163654 26.554086 29.247313 29.361921 32.647677 32.762711 32.631788 29.123513 26.980542 23.392092 21.86763 19.495218 16.498563 15.390704 19.055294 19.140767 22.502838 25.263511 26.707532 24.401681 21.948692 23.688557 27.29122 29.047826 32.554617 33.461528 32.036985 34.734515 33.778522 30.02677 27.617964 25.552627 22.881262 20.442312 23.660396 23.462082 25.643219 24.133209 25.036632 22.495292 19.901999 21.602466 21.220948 19.906544 17.626214 14.686196 14.299303 16.464125 14.875933 11.419041 13.14178 15.234721 12.619021 11.10639 14.76628 15.33523 12.752396 14.255764 17.832383 18.491035 17.877768 14.131613 13.352455 17.060344 17.837994 17.067285 20.065221 18.94752 15.768581 18.210335 20.792104 19.116061 15.633961 15.920474 17.393037 17.014359 15.44582 12.278561 11.427619 14.471484 12.789375 11.183283 14.2746 16.216514 13.798341 13.955511 10.64589 
24.759986 23.742858 20.754575 20.690067 17.761969 16.661336 17.701211 15.336988 12.333121 13.374826 14.157164 10.808205 9.087515 11.92407 11.40162 8.076917 6.044874 3.798975 0.0 3.817298 6.03956 4.589422 4.486478 4.240045 6.324664 9.395004 9.220872 9.62273 12.23381 13.902522 14.331012 15.670992 17.924083 19.52758 19.59839 21.212492 21.778101 19.894433 22.665709 22.212034 25.67317 25.219304 26.886261 27.84247 30.237307 29.876061 32.915089 32.867774 33.145786 29.673966 27.936451 24.461739 23.4473 21.534113 18.718453 16.922071 20.309421 20.06232 23.057721 25.911988 26.834561 24.330631 22.300482 24.550791 28.266641 30.277819 33.636138 34.417008 32.608581 35.040047 33.724658 30.06129 27.582537 25.889908 22.889809 20.964068 24.418279 24.751617 27.153587 25.66624 27.049299 24.659544 21.981743 24.038069 24.024465 23.073633 20.769002 17.585498 16.933849 18.550562 16.827706 13.373678 14.472351 16.107819 13.268777 11.183838 14.398799 14.800832 11.628879 12.579321 16.171062 16.208437 15.810462 12.17416 12.1609 15.683906 16.97684 16.827335 19.717144 19.077981 15.559045 17.289914 20.207334 18.993039 15.351028 14.725365 15.892118 16.246139 15.048288 12.424895 11.970401 15.480887 14.447793 13.352504 16.131685 18.570488 16.677258 17.024574 13.812473 
24.021224 23.461011 20.832706 21.446305 18.907289 18.167143 18.540782 15.702015 13.4092 14.346132 14.099914 10.561145 9.697875 11.793041 10.096384 6.76362 4.887766 5.409105 3.817298 0.0 3.810482 5.208712 5.409189 7.059542 8.340791 11.484662 10.322439 9.680459 12.914128 14.726462 14.169475 15.279068 18.166136 19.486646 18.826396 20.450121 21.647073 19.680483 21.953896 20.942518 24.224769 23.84768 25.133322 26.118828 28.245279 27.828451 30.863776 30.461522 30.657458 27.082418 25.554344 22.277175 21.279389 19.725574 17.405234 15.305077 18.439678 17.589398 20.417106 22.990539 23.856607 21.108011 19.012659 21.32548 25.028803 27.288759 30.516264 31.468999 29.606146 31.878946 30.434989 26.784174 24.123365 22.371029 19.258465 17.38976 20.845483 21.443329 24.052869 22.820254 24.469975 22.040793 19.555667 22.043323 22.150541 21.744607 19.210997 15.894546 14.743363 15.832948 14.32732 10.856898 11.276173 12.796174 10.256965 7.632229 10.706053 11.527357 8.666919 9.247252 12.959867 13.595261 13.669611 10.189648 10.715109 14.390894 14.98418 15.368248 18.663647 18.595429 15.328423 17.01592 20.264887 19.571832 16.24864 15.555204 17.418036 18.175376 17.588806 14.704263 14.917463 18.176921 16.580829 15.828992 19.013474 21.336909 19.07235 19.353072 15.984721 
26.863431 26.216166 23.82209 24.488995 21.783199 21.380516 21.970545 18.957116 16.722123 18.003888 17.739447 14.098052 13.468412 15.575868 13.649312 10.375868 8.512411 8.857166 6.03956 3.810482 0.0 3.781725 5.665181 8.69396 10.989208 13.446503 11.537455 11.616445 15.188075 16.232769 15.290831 17.072565 19.935882 20.622382 19.892032 22.056559 23.547384 22.048396 24.269678 23.283445 26.301342 25.513006 26.343435 26.847165 28.58638 27.667008 30.38428 29.780981 30.407558 26.93798 25.898364 22.850379 22.44416 21.446039 19.415969 16.726712 19.383046 18.19018 20.472568 23.06653 23.316392 20.433957 18.926438 21.750156 25.472483 27.927747 30.932165 31.697914 29.439289 31.388754 29.582699 26.092809 23.444035 22.201965 18.844843 17.698962 21.316665 22.451516 25.160225 23.928173 26.060604 23.920564 21.379386 24.132438 24.669587 24.644471 22.223979 18.751873 17.548221 17.988532 16.324419 13.223259 13.092077 13.801401 11.21152 8.428714 10.411505 10.813315 7.482462 7.154109 10.675329 10.552795 10.991225 7.895931 9.606708 12.795981 13.763631 14.948609 18.043977 18.604931 15.251033 16.101779 19.642361 19.579286 16.380866 14.856027 16.606158 18.141074 18.146715 15.765437 16.509685 19.881288 18.660327 18.414034 21.443457 24.127609 22.209 22.738483 19.474248 
27.668777 26.554118 23.896649 23.992027 20.897621 20.357599 21.571159 18.860693 16.096582 17.638524 18.157763 14.551883 13.444936 16.186232 15.043009 11.667229 9.381838 8.200955 4.589422 5.208712 3.781725 0.0 3.793373 6.292084 9.524806 11.514784 10.086471 11.286661 14.470177 15.144969 15.001376 17.178496 19.468444 20.260359 20.230861 22.518442 23.481656 22.181172 24.873943 24.430929 27.592595 26.62476 27.765141 28.152519 30.125608 29.191288 31.87429 31.650401 32.423821 29.080211 27.861582 24.610327 24.272207 22.981051 20.482292 17.948686 20.828271 20.237302 22.672544 25.607802 25.871955 23.284546 21.884476 24.687929 28.451864 30.644242 33.78604 34.318185 32.067466 34.176447 32.49972 29.008211 26.598623 25.467148 22.247375 21.050824 24.721462 25.58477 28.07279 26.521141 28.457476 26.402603 23.592299 25.973878 26.502782 26.030942 23.850983 20.386087 19.666074 20.534635 18.544328 15.405527 15.982448 16.782973 13.761881 11.53167 13.877397 13.746851 10.102138 10.501151 13.723689 12.869479 12.575009 9.313151 10.299208 13.280486 15.112386 15.742203 18.377827 18.431108 14.768139 15.515691 18.783057 18.322204 14.811144 13.105126 14.139573 15.545565 15.219789 13.25915 13.725384 17.293848 16.681113 16.415179 19.038374 21.950466 20.499463 21.239544 18.22246 
24.470986 23.115501 20.526712 20.58625 17.438579 17.275526 18.600908 15.742064 13.127979 15.238277 15.780617 12.107614 11.644303 14.818676 13.733225 10.984045 7.768208 6.760355 4.486478 5.409189 5.665181 3.793373 0.0 3.781167 6.550431 8.112291 6.330495 7.64384 10.783568 11.36158 11.33711 13.545338 15.694523 16.574113 16.730926 18.968356 19.76392 18.581565 21.41107 21.267073 24.429913 23.338449 24.68641 25.112655 27.335196 26.623996 29.455556 29.568979 30.184868 26.896907 25.355357 21.918583 21.510259 20.00241 17.259435 14.851714 17.884869 17.813312 20.506621 23.693146 24.252145 22.0507 20.520028 23.113614 26.877794 28.696457 32.015723 32.351874 30.281398 32.698686 31.386687 27.809452 25.69844 24.495929 21.632717 20.189472 23.889527 24.261713 26.370421 24.435896 26.156081 24.304246 21.209954 23.251316 23.935996 23.293081 21.49458 17.956284 17.864471 18.807116 16.34971 13.477125 14.865192 15.456106 12.016959 10.733825 13.543518 12.80797 9.266871 11.023261 14.09158 13.593156 12.375381 8.696115 8.218338 11.487146 13.267247 13.081149 15.669469 15.21794 11.559532 12.917032 15.949772 15.091751 11.538378 10.499175 12.046869 12.903845 12.603374 10.105684 11.013165 14.303011 13.288958 13.420824 16.333327 19.345716 17.903842 19.116793 16.411514 
23.554003 21.94287 18.962218 18.447127 15.113128 14.45577 16.202064 13.883728 10.712548 12.752673 14.099152 10.803842 9.716202 13.292672 13.171467 10.676178 7.662977 5.139398 4.240045 7.059542 8.69396 6.292084 3.781167 0.0 3.786286 5.555452 5.763747 7.409669 9.437435 10.463625 11.623815 13.37905 14.956314 16.520741 17.264065 19.033999 19.132161 17.701287 20.882909 21.114144 24.517583 23.680656 25.55794 26.289192 28.891562 28.55174 31.550375 31.971231 32.351136 29.086458 27.149316 23.521338 22.715015 20.65391 17.469636 15.765921 19.168626 19.647029 22.699843 25.936722 26.887439 24.874717 23.041531 25.26286 28.97276 30.544924 34.033642 34.41187 32.633839 35.296305 34.255575 30.605065 28.555586 27.079531 24.398846 22.538989 26.089045 26.042118 27.98383 25.967639 27.208561 25.209651 22.115406 23.691244 23.999528 22.766573 21.084687 17.82709 18.078211 19.694098 17.317283 14.339078 16.295642 17.424273 14.068845 13.042549 16.321972 15.813179 12.548515 14.479922 17.678587 17.361447 16.026649 12.325198 11.207558 14.405831 16.181963 15.265104 17.624954 16.385557 12.823314 14.727449 17.166848 15.480579 11.734631 11.510146 12.464332 12.27642 10.902009 8.190463 7.974782 11.456447 10.642033 10.123837 12.847967 15.770467 14.431507 15.639776 13.12011 
20.060893 18.441055 15.314253 14.784756 11.594351 10.854998 12.432448 10.137006 6.936578 9.249426 10.676253 7.627052 7.019294 10.791474 11.023453 9.502818 6.462004 4.47243 6.324664 8.340791 10.989208 9.524806 6.550431 3.786286 0.0 3.817052 5.344476 5.498165 6.533054 8.641017 10.154693 10.961721 12.473297 14.707199 15.446881 16.583603 16.379912 14.532976 17.752167 18.080619 21.621164 21.103465 23.368605 24.50593 27.414738 27.555854 30.796283 31.396686 31.370974 28.093406 25.750589 22.011213 20.73715 18.230218 14.820281 13.810912 17.474758 18.357976 21.750789 24.912683 26.363245 24.589358 22.388223 24.120736 27.703937 28.981396 32.608238 33.06013 31.654746 34.58247 33.911439 30.190147 28.252335 26.461136 24.132204 21.840432 25.168252 24.602409 26.262108 24.157672 24.943771 22.898775 19.822895 20.988945 21.051255 19.477302 17.989722 14.939093 15.655724 17.648612 15.27053 12.487352 15.082767 16.453032 13.277595 12.911771 16.508099 16.082767 13.418371 15.840928 19.008134 19.311405 17.815547 14.061997 12.231925 15.571407 16.72789 15.153888 17.608933 15.851491 12.747519 15.460445 17.498812 15.329534 11.876966 12.799838 14.214511 13.207952 11.542103 8.097705 7.56907 10.305445 8.457402 7.529646 10.881176 13.380974 11.506555 12.839027 10.464871 
20.13893 17.890593 14.965055 13.941202 10.314828 10.418844 12.792667 10.685177 7.853979 11.03993 12.764437 10.141373 10.239748 13.989953 14.318216 13.197399 9.9477 8.259407 9.395004 11.484662 13.446503 11.514784 8.112291 5.555452 3.817052 0.0 3.814274 5.638619 5.295251 5.969604 8.574546 9.939554 10.396488 12.435547 14.007395 15.377353 14.653007 13.547154 17.126855 18.208245 21.513736 20.509583 22.855769 23.644917 26.651319 26.728999 29.83004 30.851515 30.996144 27.986988 25.578221 21.812479 20.893695 18.435784 14.854035 13.885345 17.286392 18.799817 22.039025 25.482715 26.821665 25.499576 23.620826 25.385225 28.901221 29.804921 33.45601 33.49813 32.066021 35.109779 34.628539 30.996533 29.462081 27.974016 25.898664 23.835506 27.2141 26.461886 27.725911 25.195461 25.938429 24.356376 20.978525 21.718495 22.192136 20.504526 19.685135 16.66613 18.069694 19.814252 16.959033 14.78843 17.726458 18.522547 15.079355 15.404266 18.7603 17.627995 14.95694 17.832144 20.591624 20.511102 18.381197 14.841501 12.345289 15.048431 16.621745 14.458512 16.191775 13.867549 10.918736 13.647115 15.030935 12.370148 8.993063 10.53138 11.677221 9.975645 8.224676 4.553756 4.787615 6.985347 5.231541 5.78044 8.924483 12.044787 11.074488 13.415068 12.0386 
20.422263 18.374394 15.976789 15.712268 12.369682 13.210089 14.996375 12.128172 10.034429 13.32256 14.112757 10.917309 11.725509 15.276473 14.637782 13.332921 9.604096 8.953658 9.220872 10.322439 11.537455 10.086471 6.330495 5.763747 5.344476 3.814274 0.0 3.800847 5.518001 5.09873 6.137173 8.569893 9.791486 10.866941 11.903016 14.01357 14.131233 13.471353 16.725292 17.506835 20.549209 19.110111 20.927408 21.324389 24.029192 23.739594 26.716591 27.575579 27.962064 24.956487 22.848273 19.171795 18.728349 16.807912 13.560541 11.709317 14.813109 16.045511 19.008929 22.562891 23.571578 22.250335 20.687383 22.777098 26.355993 27.371174 30.912534 30.798678 29.087627 31.987001 31.34831 27.775492 26.326095 25.140218 23.031189 21.344176 24.880616 24.395641 25.686482 23.06026 24.273956 22.950688 19.415574 20.552936 21.558837 20.494023 19.664456 16.254814 17.515841 18.563924 15.39112 13.461443 16.148191 16.286542 12.595413 13.168729 16.139171 14.508281 11.795053 14.918646 17.333541 17.142052 14.765323 11.355608 8.608619 11.244199 12.869128 10.874636 12.746282 10.908201 7.597922 10.233347 12.162197 10.181704 6.715301 7.79829 9.927616 9.23781 8.98255 5.550628 7.702349 9.751053 7.969832 9.436874 12.57695 15.741797 14.671409 16.932149 15.239994 
17.234083 15.620467 13.320982 13.776694 11.002937 11.955428 12.840571 9.455721 8.126942 11.286134 11.212447 7.964542 9.751561 12.860663 11.770341 11.196193 7.551024 8.272609 9.62273 9.680459 11.616445 11.286661 7.64384 7.409669 5.498165 5.638619 3.800847 0.0 3.803835 5.436612 5.136482 6.109754 8.516808 10.130095 10.204855 11.724113 12.301771 10.941828 13.85359 14.136073 17.33256 16.285103 18.217436 19.11274 21.94903 22.069218 25.338788 26.019609 25.960147 22.765024 20.398529 16.650541 15.6784 13.49853 10.237853 8.624841 12.128422 13.272684 16.603081 19.939929 21.408194 20.048533 18.037888 19.749982 23.275202 24.265611 27.889717 28.028977 26.590669 29.623684 29.173034 25.502761 23.954716 22.402373 20.493114 18.423427 21.781592 21.011377 22.245211 19.705825 20.729039 19.251364 15.780047 16.955151 17.826675 16.869988 15.94744 12.481992 13.846292 14.892577 11.723999 9.928754 12.942332 13.195688 9.723855 10.812269 13.964184 12.625408 10.630476 13.964604 16.419639 17.066254 14.984368 11.560175 8.728616 11.823183 12.294222 10.156009 12.726528 11.027369 8.401512 11.673552 13.690673 11.927985 9.189594 10.734059 13.423956 12.726529 12.470602 8.800773 10.360686 11.993457 9.19261 10.141852 13.808041 16.34787 14.496161 16.424912 14.505513 
15.182054 12.991725 10.469886 10.351038 7.353144 8.84716 10.134655 7.137507 6.203732 9.914557 10.379452 8.150059 10.172492 13.247151 12.966815 13.150487 9.962785 10.162822 12.23381 12.914128 15.188075 14.470177 10.783568 9.437435 6.533054 5.295251 5.518001 3.803835 0.0 3.78267 5.42079 5.032399 6.018117 8.734061 9.710908 10.394694 9.860535 8.403377 11.871363 12.987146 16.23681 15.320289 17.875206 19.021304 22.255799 22.838685 26.187975 27.31398 26.993718 24.011692 21.233435 17.435581 16.153232 13.434093 9.749531 9.417364 12.863514 14.860869 18.301934 21.611044 23.434857 22.520579 20.407799 21.629311 24.912319 25.411572 29.133658 29.143332 28.07785 31.364305 31.319479 27.696051 26.434175 24.770387 23.258753 20.964581 24.043806 22.750415 23.527333 20.773687 21.190494 19.881672 16.404995 16.729743 17.41267 15.814482 15.535477 12.570278 14.744364 16.218246 13.095417 11.833634 15.320636 15.743025 12.622092 14.115197 17.306222 15.976635 14.316378 17.71701 20.076972 20.756432 18.467875 15.177254 12.047896 14.658896 15.110322 12.291741 14.195322 11.599566 9.715955 13.314356 14.389767 11.803979 9.528653 12.117797 14.420989 12.724973 11.952488 8.258875 9.429464 9.953024 6.490647 7.753424 11.364195 13.595093 11.889047 14.324818 13.199991 
17.29876 14.680912 12.764513 12.398034 9.278523 11.455383 13.264623 10.570336 9.741822 13.52295 14.149271 11.846639 13.675192 16.916737 16.471908 16.280912 12.766145 12.691475 13.902522 14.726462 16.232769 15.144969 11.36158 10.463625 8.641017 5.969604 5.09873 5.436612 3.78267 0.0 3.819183 5.472692 5.025707 6.479682 8.50709 10.160805 9.505102 9.564137 13.036422 14.714201 17.434613 15.717575 17.926986 18.351438 21.436557 21.634352 24.697518 26.141929 26.225277 23.541321 20.980719 17.282491 16.771138 14.590661 11.174439 10.21489 12.968579 15.299847 18.282469 21.886006 23.285273 22.723149 21.165913 22.691373 25.944018 26.251859 29.869925 29.416687 28.099904 31.329973 31.279346 27.807919 26.910334 25.737956 24.313001 22.503001 25.72512 24.583516 25.148039 22.071983 22.787036 21.998441 18.297307 18.553123 19.84297 18.536154 18.662337 15.624826 17.902573 18.861864 15.394067 14.518264 17.819808 17.587598 14.18328 15.90963 18.699994 16.683546 14.850493 18.442606 20.364905 20.512845 17.697395 14.754081 11.256358 13.039896 14.035062 10.869569 11.88888 8.847042 7.065109 10.50832 11.004164 8.114581 6.115189 9.269095 11.589843 9.751625 9.763969 6.573937 9.074756 9.049357 6.259338 9.074803 12.041654 14.825971 14.016438 16.950781 16.197458 
16.780399 14.677331 13.399679 14.065129 11.612801 13.956525 14.929155 11.611442 11.47044 15.021687 14.704423 12.092136 14.516493 17.382411 16.107197 16.028661 12.458231 13.383676 14.331012 14.169475 15.290831 15.001376 11.33711 11.623815 10.154693 8.574546 6.137173 5.136482 5.42079 3.819183 0.0 3.78374 5.343643 5.360451 5.771559 8.263842 9.088124 9.33396 12.054666 13.118951 15.541363 13.493402 15.133241 15.340448 18.196645 18.210159 21.332201 22.543953 22.652475 19.870499 17.464891 13.784099 13.596513 11.942854 9.000183 7.077149 9.530906 11.687373 14.526621 18.185286 19.477243 18.978767 17.574269 19.214008 22.469088 22.837511 26.383935 25.868222 24.397249 27.56726 27.471218 24.017865 23.207666 22.193334 20.897278 19.326238 22.556905 21.530688 22.042463 18.886899 19.992147 19.452262 15.651808 16.294758 18.088845 17.487162 17.572997 14.26818 16.408153 16.650511 12.949114 12.579336 15.641511 14.756424 11.392895 13.661788 15.971818 13.582641 12.263887 16.048781 17.524773 17.956623 15.07514 12.468932 8.770384 10.379362 10.667547 7.330507 8.811124 6.300804 4.863649 8.651408 9.720932 7.98986 6.708916 9.272032 12.509957 11.696367 12.603784 9.562989 12.356701 12.788377 10.016119 12.465253 15.697605 18.350711 17.114498 19.719979 18.523413 
